1172567579181711441
1172567550664642622
1172532218812436562
1172567665924124732
1172586261748392036
1172586276743041035
1172586313128620133
1172586432817266728
1172627616512098324
1172628245531861063
1172628813058949171
1172629024019845242
1172629320662011905
1172954245549522974
1172955425885409363
1172955607901409390
1172955822440063123
1172956342424703127
1172957561985712208
1172958809023594536
1172958869266374706
1172959110518554915
1173232885306773584
1173233071655497758
1173233176068497508
